0.375
0.3125
0.0390625
0.00390625
0.0003255208333333333
2.3251488095238094e-05
2.179827008928571e-05
2.0587255084325395e-05
1.9557892330109125e-05
8.889951059140512e-07
1.111243882392564e-07
8.975431357786093e-08
2.2438578394465233e-08
6.7315735183395695e-09
4.838318466306565e-09
1.2807313587282084e-09
9.605485190461563e-10
2.780535186712558e-10
9.036739356815814e-11
6.239653365420442e-11
4.112498809027109e-11
1.519836516379584e-11
9.81561083495148e-12
3.7299321172815624e-12
2.3670723051979146e-12
9.205281186880778e-13
3.7807404874688906e-13
2.2814813286450204e-13
1.4069134859977626e-13
5.673038249990978e-14
3.457007683588252e-14
2.0427772675748764e-14
1.2316745289789695e-14
5.102651620055731e-15
2.196975003079551e-15
1.2766206098975768e-15
5.2072682772138e-16
3.004193236854115e-16
1.7649635266517926e-16
7.102901997501118e-17
4.3124762127685353e-17
1.755077528452311e-17
7.379303244629035e-18
4.345589688503765e-18
2.5034375379423864e-18
1.4647772828386303e-18
8.697115116854367e-19
3.6385889774594802e-19
2.1467674967010933e-19
9.050098270406569e-20
3.915907905464381e-20
1.66241373345186e-20
9.69741344513585e-21
3.96712368210103e-21
1.5939336222727354e-21
6.5714807234051375e-22
3.9088980165082285e-22
1.6231864644822305e-22
6.89854247404948e-23
3.9016346779460166e-23
1.6676341768640234e-23
9.396986234709973e-24
5.212390802065688e-24
2.3656235178605815e-24
1.3082614909380488e-24
5.95551872740455e-25
2.758806469312402e-25
1.4993513420176098e-25
6.961274087938903e-26
3.7747753857133486e-26
1.7038916671622754e-26
7.819228883552908e-27
4.279442834917469e-27
1.968543704062036e-27
9.195171249237143e-28
4.955839049913525e-28
2.3190785297672264e-28
1.2476055381659128e-28
6.627904421506412e-29
3.150300249728356e-29
1.6711958641851646e-29
8.758677119524657e-30
4.222933611199388e-30
2.210829949392621e-30
1.1439759621857168e-30
5.9828627907413925e-31
3.161399088289486e-31
1.65174222028608e-31
8.7175283848432e-32
4.0713731467674285e-32
1.9250514335259036e-32
9.004272834234065e-33
4.166870939246615e-33
2.2588826670652704e-33
1.2353264585513197e-33
6.813398508504702e-34
3.789083864423533e-34
1.703174060271184e-34
7.749441974233888e-35
4.18162958015591e-35
1.9473275005628013e-35
8.980393813275054e-36
4.8787716389426976e-36
2.2070633604740776e-36
1.2180491187522033e-36
5.521063762568399e-37
2.5304875578438495e-37
1.381321189832193e-37
6.341520007865977e-38
2.942236760406286e-38
1.5893332500408955e-38
8.50926209092692e-39
4.590522970105312e-39
2.13559112087508e-39
1.0033596214456196e-39
5.359827037636856e-40
2.5209355982105554e-40
1.196914800831062e-40
5.635473853912916e-41
3.004033583284158e-41
1.612821309058298e-41
7.539611810638385e-42
3.556994281631819e-42
1.6646733238036915e-42
8.785775875630595e-43
4.600425950625469e-43
2.2103609059645806e-43
1.053776710983114e-43
5.552592669411024e-44
2.903454945455383e-44
1.3967377957304306e-44
6.773653219895697e-45
3.2604524827109884e-45
1.5577717417396945e-45
8.075213808282976e-46
3.919720571173853e-46
2.0308697162241337e-46
1.059266578606113e-46
5.107178146850902e-47
2.6260313166431942e-47
1.3407554257509266e-47
6.797536249436516e-48
3.327960455453294e-48
1.6869316791435664e-48
8.60797329425998e-49
4.186871364214888e-49
2.0510011750376987e-49
1.0530308046334494e-49
5.089648889061672e-50
2.6459432966313993e-50
1.366490452536611e-50
7.100391567101998e-51
3.7115683191669534e-51
1.7839473534060517e-51
8.633847768086981e-52
4.1519459012138035e-52
2.1416682971450946e-52
1.030425312777357e-52
5.377532101056831e-53
2.82236933254225e-53
1.4895838143972988e-53
7.082377031643598e-54
3.390040225512332e-54
1.6333830177468508e-54
8.511303074403771e-55
4.1027538771826564e-55
2.1368509776993003e-55
1.1190018433514088e-55
5.891215587055947e-56
2.807801580965261e-56
1.3467652931955468e-56
6.500283351550761e-57
3.380894501812321e-57
1.7484054423658e-57
9.089721475935836e-58
4.750278172452344e-58
2.495230388338731e-58
1.3033745324562645e-58
6.263438725414827e-59
3.0279054611812007e-59
1.4557237794140388e-59
7.596809887106049e-60
3.6126133974009744e-60
1.903944898630243e-60
1.0082718952423599e-60
5.364869175220044e-61
2.5254836276966696e-61
1.3295535500307866e-61
6.332873488304536e-62
3.00065471566262e-62
1.4299995129329673e-62
6.779531369604483e-63
3.5819688937343273e-63
1.9011988743666814e-63
8.972494687699899e-64
4.7595212937291336e-64
2.2475517220387576e-64
1.0673047122244352e-64
5.096380000871678e-65
2.446769502906054e-65
