0.205810546875
0.16387462615966797
0.02004183828830719
0.0020022148266434668
0.000198718635753418
4.68474408990005e-05
5.564121434328431e-05
4.542531892051538e-05
5.900923292803056e-05
8.393976267774596e-06
4.0819864843195344e-06
6.905388868329006e-05
1.1494931332717924e-05
5.748284924683851e-06
4.6402475417413845e-05
1.2599510976266527e-05
3.4340627465659244e-05
9.326508307941872e-06
4.663385857807599e-06
2.575023320509226e-05
1.931225508441759e-05
7.343433984599843e-06
3.218663276493973e-05
8.261220663330584e-06
2.7036699728480948e-05
6.79779412484148e-06
4.531862228680676e-06
1.8024448013858443e-05
1.201629750400806e-05
9.063721168346245e-06
1.682281528674877e-05
1.4019012636673193e-05
1.5020370592268782e-05
6.556510946663467e-06
4.917383203879014e-06
3.1542778025476046e-05
7.343292239851013e-06
2.595520019747241e-05
2.3595636542316358e-05
5.259658351524299e-06
3.4332275391013775e-05
4.722958519444316e-06
4.0482501594830485e-06
2.7025406284202173e-05
2.252117190349232e-05
2.702540628418001e-05
3.2430487541008636e-05
7.590469048949358e-06
3.58649662562804e-05
6.8680806593465235e-06
5.886926279439711e-06
6.226556641714981e-06
2.7818339211600253e-05
7.328178201402955e-06
6.412155926227576e-06
7.979571819305422e-06
2.1636486053466797e-05
1.4776984850565592e-05
1.3135097644947194e-05
2.1636486053466797e-05
1.9150972366333005e-05
2.5963783264160158e-05
2.3367404937744142e-05
1.4463671437510243e-05
2.6334415782581672e-05
1.3547240464885628e-05
1.241830375947849e-05
2.250804767742023e-05
2.0697172932464154e-05
2.2508047677420235e-05
2.0237235756187172e-05
1.8680525313403546e-05
1.9426176533896544e-05
2.2555949419913212e-05
2.0944810175633695e-05
1.6800649873502964e-05
2.566973368326823e-05
1.6404326850845974e-05
1.5142455554627051e-05
2.2663872622879303e-05
1.6283706800472103e-05
1.5120584886152666e-05
2.0143937091438142e-05
1.7462636264410363e-05
1.5522343346142545e-05
1.70745776807568e-05
1.8626812015371055e-05
1.9812154598167397e-05
2.1285785931915384e-05
1.4503634705835461e-05
1.318512245985042e-05
1.368371952765989e-05
1.4115836986428095e-05
1.9437101601789614e-05
1.8293742684037285e-05
1.9349150915808662e-05
1.996017673420262e-05
1.0571501011077688e-05
9.061286580923731e-06
2.3952212081043144e-05
1.0834146998930548e-05
1.0232249943434405e-05
2.4010575170909238e-05
1.181141337600007e-05
2.2757275917482654e-05
1.1211615040500068e-05
1.0588747538250064e-05
2.0613474562937186e-05
1.2313205447529488e-05
1.1665142002922671e-05
1.8526854859191697e-05
1.760051211623211e-05
1.806815857342668e-05
1.25806134446223e-05
1.1981536613926e-05
2.315166257751619e-05
1.3585157901280365e-05
1.2540145755028029e-05
1.2795593168556378e-05
2.024116785348559e-05
1.9229109460811307e-05
1.4622496446437116e-05
1.395783751705361e-05
1.5065602399359454e-05
1.997129883459262e-05
1.9020284604373923e-05
1.7374041476680658e-05
1.6215772044901943e-05
1.993095277634092e-05
1.77164024678586e-05
1.8872415301650588e-05
1.7614254281540547e-05
1.905388083339723e-05
2.0143919782676242e-05
1.82888232918002e-05
2.3416090327084402e-05
1.803569078949155e-05
1.7284203673262733e-05
2.0818675265592686e-05
2.0426786159310503e-05
1.957567006933923e-05
1.9932589719972343e-05
1.7193995197029674e-05
2.183093159806495e-05
2.061810206483912e-05
1.6302454705331843e-05
1.539676277725785e-05
2.1204289055708096e-05
1.6596916120370674e-05
2.0969338484453718e-05
1.98656890905351e-05
2.0858973545061857e-05
2.1626583771520137e-05
1.5365243886972405e-05
1.472502539168189e-05
1.5810027262647922e-05
2.2445176777086766e-05
1.760974190451882e-05
2.421949905195528e-05
2.3066189573290743e-05
2.3821919431105115e-05
1.5627961409719364e-05
1.5026885970884005e-05
1.6645165998517667e-05
2.5494441539547512e-05
1.907588865226945e-05
2.684854191435864e-05
2.5628153645524163e-05
2.638096020216152e-05
1.698845975934435e-05
1.63592575460353e-05
1.7827396043756418e-05
2.7582318087730053e-05
2.6328576356469596e-05
2.864549107583892e-05
3.00095620794503e-05
3.080474632809932e-05
3.196963169344762e-05
1.5872979704161133e-05
1.5182850151806302e-05
1.5483675854114817e-05
3.295663712936151e-05
1.6020864608237167e-05
3.429362038004555e-05
3.286471953087698e-05
3.365457172440903e-05
1.4520165307505216e-05
3.7048639622644876e-05
1.508849271530405e-05
1.4402652137335681e-05
1.5255440750730555e-05
1.5503178677451822e-05
3.317046619916019e-05
3.172827201658801e-05
1.623771295536146e-05
3.305188672295933e-05
1.7985522335973283e-05
1.692755043385721e-05
1.7247801388011262e-05
1.8134831173680416e-05
